24.483570765056164 63.99355436586002 79.74465175076855 313.82886631839136 62.38538790292895
21.308678494144075 59.246336829127685 95.66443987853447 470.9422483830747 70.4405899763214
25.23844269050346 50.59630369920174 76.22740237000116 537.9591699867534 62.73845452765752
29.61514928204013 43.53063222294426 90.76115411082878 883.1531486010285 36.5161228422367
20.829233126383322 56.982233136135896 43.19155999138643 683.4829686800638 71.01777509597153
20.8293152152541 53.934853854217494 106.39881122118815 399.6777646350163 63.604040498732026
29.896064077536955 58.95193220027733 100.03616426086673 672.9054434126456 57.899765943718585
25.837173645764544 56.351718016819696 75.48734106795428 367.9044016592452 60.39611876974783
19.65262807032524 60.49552715319335 119.77737005297215 762.403658083061 68.08894236695541
24.712800217929825 44.64764788439432 128.12710412879676 529.3313022273182 57.47226847775669
19.682911535937688 63.173940656343255 51.773204068930774 585.9545716891244 73.10956420543758
19.671351232148716 51.975996046923996 77.11825664301358 798.8694971313284 61.02244805001625
23.20981135783017 70.75260872625265 76.92572950638106 406.9254647123625 70.19559684923628
12.43359877671101 43.10812181910432 71.80290696673406 390.4322722330513 36.22262793192893
13.375410837434837 67.3596380316525 124.88424525795246 512.4601010480993 57.83935713080191
19.188562353795135 51.979107834626475 94.1852158368159 755.7568276528975 62.0409200354297
16.93584439832788 43.48581996385552 92.06455476068167 372.09808867847363 46.41673241887989
23.571236662976368 45.16114165945678 39.884129067797396 175.17666028341466 41.143353315502964
17.459879622393945 46.7965269180568 119.0625409062768 532.3261712386502 55.92434191848883
14.938481493323543 54.241659464019165 62.82224815439582 682.761119986638 57.187008584304564
29.32824384460777 55.228354880355 101.79797890798984 780.0392624608244 53.6074882329277
20.871118497567323 44.26299996061421 108.32130813874575 530.5257956871901 59.104500956662534
22.33764102343962 49.756454077390174 140.81975787515952 538.2860089325997 64.28440240148463
14.876259068932717 71.42270358611864 60.73538802642664 773.0851101383621 59.89982610080769
19.278086377374088 67.27543170100711 9.414635325375244 319.53874504568694 66.38643649898341
22.55461294854933 54.36323669674032 105.51548634261084 541.7218837225486 68.88184698761562
16.245032112888488 50.380034781682 154.0153354453256 628.5635834887587 56.783778817473674
23.87849009172836 51.200313267182615 137.16839058818312 667.3828081927552 64.64719383754306
18.996806550405974 56.13517972730416 106.28978245823878 523.5289960213677 67.43353724946628
20.541531251033618 39.77207434801595 85.25091443103858 605.1661517558762 57.15251202525591
18.991466938853016 47.42623462576655 124.21367789911932 226.75089698805158 42.61689762444221
31.261390922544688 33.314159261224106 70.79361400886594 501.26273814992277 37.87989596289311
21.93251387631033 53.992231226052795 114.29073308068658 668.0263068831702 68.43272653768966
16.711445355220498 56.47195939702741 115.1641047749988 452.65589486179806 60.87744701271325
26.112724560515943 45.16813537700626 131.80629722496639 608.8476332384396 55.928225974167766
15.895781750144888 65.73986763290033 182.7898011673323 667.0308751204047 64.11081956267685
23.044317975023777 37.74234336997659 111.77247901536302 548.6176198713353 56.170945675113316
12.201649380601122 35.3562511979018 84.73109122877504 625.5695656494856 37.92254981152075
15.359069755507846 52.24451818559972 99.23277063424017 455.59011520730814 54.25218003705022
22.984306179345616 60.470983026121544 46.92772285332645 569.008308045593 73.55799328126822
25.692332899977053 66.83927691457869 79.15860606732825 691.5324254383834 70.03503351022201
22.85684140594985 45.4111573713106 87.72152685660689 623.5459441452651 60.88846885453616
21.421758588058797 60.78680833431296 84.27734806196223 512.0203095654097 72.36812162057026
20.494481522053555 49.61491530499293 104.57064616101167 633.632460643619 64.10231888307987
14.607390048162863 48.273727000591805 75.32740202853398 707.1914685954927 49.846692156189945
18.400778958026457 58.83659937486672 133.63092001973413 292.5088082133783 56.701067224484035
19.696806145201062 56.5232287841342 100.0062119475459 773.8611097433846 65.746576825227
27.285611131094576 34.236078430157505 99.72099036584157 549.5617891978392 48.53462859160319
23.71809144784231 64.76540349725896 90.16315850461247 663.8234899860346 73.06841689299853
13.18479922318633 63.800913541474515 104.65572051576937 779.5870385467842 53.870886302488906
23.620419846973974 43.74437298490471 124.75294794002905 394.2489454154301 53.52293260968295
20.074588597918417 53.95803533437409 73.986093528673 493.583849635868 66.89813454300678
18.615389998470206 54.94030186282739 80.2565053277423 556.7176956186443 66.6508016367797
25.05838144420434 52.60673765823907 90.88821913670006 482.43697183133577 63.57697211366028
27.154997612479754 44.4969484615458 59.62387229580355 860.2404863755213 45.4029749621792
26.656400595580994 43.283766320619485 75.42226420835507 471.4841859259811 51.8491236930454
17.803912383886807 49.744459290085544 85.71337379366022 516.66798307697 59.52510931442732
20.453938120743928 61.72729019259364 126.23167542138182 630.6583547404465 72.55707457460922
23.65631715701782 55.43600154594432 107.87683987005775 419.67757108858666 65.35293792708484
26.877725635611796 46.29385667913894 105.80769734102633 540.6478932365604 54.952344242537606
19.60412881077355 57.716987106483444 125.52693886503917 647.6179891875263 69.65874605315796
21.071705116680914 21.514573793699245 95.8788463480181 550.0709393426233 54.88051919249397
16.46832512996986 61.48765700372103 111.71394549786669 585.9919711650077 65.48095385986682
16.018966879596647 32.60286221221901 96.90334741202511 520.6001831327444 46.16044207212238
26.062629111970992 46.37559058596868 107.96087048198885 372.82945362288496 50.78261249791943
28.781200142854114 38.803301053738565 82.51724027165254 648.2389817008858 46.10589608697065
21.63994939209833 37.053185242790946 26.835485251707127 863.2399607470862 49.63006080812511
27.01766448946012 61.608267873785195 95.97162513441087 602.7602446175157 66.91658220105997
23.80818012523817 45.32298798688109 142.6824440829982 633.7896175871324 59.55603064649981
18.77440122697438 53.46503881730716 127.78646206724777 703.9084132675289 64.1397052465891
23.80697802754207 49.53079421120816 128.96192453773511 409.6004255179951 59.14904231211463
29.690182832329846 54.770408272231215 137.08392165418653 855.3771987194408 47.95409724720232
21.820869804450243 50.768218910602556 102.65972772884312 630.3493194634203 65.96005014905958
29.82321827907003 37.1700777581143 105.91947122216787 844.7785348633663 35.49421255480533
8.901274479551278 59.9626681944714 81.4704431369695 490.0450506714016 47.02652090801379
26.10951252187612 45.06243416838687 90.5178143191885 872.7092883836738 46.90825807929815
22.435235341190857 34.434181013402494 118.47313449313424 716.2733241052175 54.292176195717246
20.504963247670663 45.718848390340874 136.1165331150645 682.9560128778537 59.50609223613087
22.45880388267751 65.00759790634311 95.81661172957001 635.1036681529722 74.21900957441045
12.062155426995536 58.50221742113493 86.49432205445765 562.7207072888326 53.395019877256566
20.90164056081244 46.51347865592141 100.01583876569792 780.0797487710809 57.57743816813338
23.78556285755873 46.50742295681571 118.03620246787344 621.053980477207 60.836861997314614
29.38947022370758 46.783649487826175 56.684355515993744 304.93954446192714 39.319429428703216
19.40864890863176 70.76747983560841 31.114571405882856 432.4220307439497 70.94443991812183
17.95753198553406 53.819354522315535 83.4838945152525 572.1231371710879 64.54207392772588
19.491214782077318 54.300416471910694 63.37862722257524 646.4998474748332 67.76184585832478
26.57701058851037 60.30283454031842 84.75579407058068 591.5117266650157 67.56420867276485
23.643755548298422 52.387891590265134 95.56659043547586 782.8456184690494 62.75049660221187
19.351198981164806 47.40957854179297 86.4025477293096 307.3347203942063 50.210618576278
24.56633716556678 48.03650150915022 143.57402603412237 621.5381904757741 61.1131345138636
22.4853877467402 49.283987405859364 109.8023429380696 327.3031161919268 55.175175996562054
26.843224952664446 49.627777634901584 109.01423078832485 713.9568443226252 56.99464097397505
18.489734530613237 57.2762954363698 118.66621432130205 585.8311928336996 67.89920818218934
20.361689267011158 50.519458858072994 65.83500646657693 662.9414958036177 64.99604082423896
20.039459234339212 57.32640077215579 131.17335362260806 470.4175559115351 68.1150647591248
14.682425259339407 49.19283419891418 97.72707140393621 791.9197397486627 47.51673681762965
23.48060138532288 50.786351903160906 120.11441851723637 756.2586996088277 62.257465922990086
23.305276360899448 30.017993154678923 67.84428300879534 687.5316454517831 54.63059204314846
22.025567283212304 59.16327674702482 53.38723701951807 580.5724129704839 73.19882820020078
20.827064333124266 53.46488475897993 124.53668974075086 686.9785927942698 67.1205154996487
14.92314628974793 59.98010109859652 111.2922857829255 493.9661148018977 59.62694684432864
19.896773386173205 21.037446218063106 72.9384533692747 728.3333488531068 52.36092144023543
20.286427417366152 70.88374704780728 73.91010756175916 847.4221341485882 66.82040214563199
17.988613653891903 48.604103718448265 133.76304353244308 760.591583996878 56.0121130770451
21.193571441669953 61.081828167375164 64.31764321398016 490.5596295288886 72.13490747069244
24.020254284072692 39.60094072874469 149.2801885976789 654.2125975909654 55.64394125353422
31.43092950605265 56.1277390506257 72.98137796056395 406.0287684362028 48.74073737979689
22.872889064159196 39.46584436826344 119.15175776825149 685.8585466763514 56.201980598028456
23.28775195361382 43.76231039304195 90.14144572753047 667.5905119293808 58.8403467223002
21.627770421169163 69.14031353866787 118.09562293247029 319.5275490701754 64.88996708521245
12.406143923504793 48.09317599236653 83.67657993657423 425.7324234131454 41.78623185670195
21.867430622753915 52.17432873179723 95.11621281783117 557.529165488435 67.3002509501212
22.301151049705133 58.70067730688754 101.22757526187164 554.871037928876 72.06355910204329
34.316210562426434 54.95681887972604 69.93437632655582 418.57845968717925 42.756233217695
21.038195176094387 51.504189051435766 122.22473036260378 658.3468094028276 65.95111168058614
23.507736711668063 53.64961002466225 84.60359300585245 637.7210413410768 68.14847839324474
21.826441151473784 74.03415585238275 93.14200253979945 570.8596302032221 75.13314085466382
16.15660981190234 49.42381202966415 70.16951876174463 486.63127497624555 54.837951676590215
27.714114072575104 52.010990467149675 23.129990236140685 757.3060689624845 57.70536192205614
25.759665163433873 60.50654396007612 94.26916712199493 848.3110669632442 61.55773037797043
25.955159735215233 61.05525932957984 172.37846264838748 527.4657774230194 67.89647601443096
17.453062726026303 61.8703030556038 123.53812863694071 508.1749624267769 66.78990989681049
29.013971554680495 56.38730222029184 99.42218860796817 673.6811498117994 58.65275310045482
14.990744686038596 38.569950872695166 92.11327512375198 546.295593037952 45.26143537329562
24.934285469001352 66.33431532301096 100.67397678436139 579.0904199005149 72.07229783431823
32.952278129049894 38.53654606981312 116.4135734552563 710.9479727587008 34.53923164639634
17.04731837434656 53.02635465239033 64.57561554073465 313.59658687390606 51.94610179605975
19.16851135198614 42.45724149980642 133.42965084006616 797.7453487279004 51.50770857545306
22.498256825438204 49.35861653407007 121.46143946323733 610.9020786494012 64.4357225901013
19.482621729419005 53.2876241030348 121.54557177123803 538.276028315673 66.02054119322867
14.246682844669337 53.21357215450273 113.15427216429183 586.6148768667827 54.7592551934823
22.342814874030136 54.21920754235285 100.58849973081969 594.3644032530779 69.28346216876481
16.688481431369475 66.13711269058646 120.1858370790046 340.3198044832612 58.60808404040829
24.36796215317591 54.5353430151398 117.75442401224134 824.2407341179854 61.51958430075928
17.402878828830985 47.558433647093516 89.37877867176928 606.1988448405928 57.33666829498445
29.749672025087698 59.64087168288357 82.79194681309298 666.4503195671062 58.89044164721804
18.083733538318814 61.894704889246405 103.05568885785961 742.7324655861064 66.80641453952677
20.38969241897162 37.72392184863008 146.47060454485563 446.82563136595496 52.88574844673669
26.067586086848348 55.97400069849858 62.826787730382975 671.0207848552843 65.96504596674393
15.845678417830225 57.01172742310898 55.9742420274268 559.853836365181 62.34032940747258
23.137299673020646 47.02436496640008 104.9428252370955 727.0156162824741 60.0046691020368
28.53571377141214 63.75706813311619 101.52663105568054 280.9158869472757 50.972371797701996
13.962583827193862 48.499444129674735 105.20024993111224 585.1358549638096 49.50249332490925
22.92316929266152 51.255764534715425 107.31859593725501 509.5769016324058 65.24955036000836
23.299413971242117 48.2692817571613 93.30393236095584 664.8394425951233 62.66734209859776
25.90911435888655 50.155790475814676 144.69590315806246 670.5066281052303 60.29856441887749
15.81524644560959 39.037249131047986 51.972880645704535 493.8561157766961 47.10097450638967
15.397716934578618 35.59949117405706 75.14508925659263 493.17392037359343 44.662618858322006
24.60970782808449 65.94505063224972 96.90235719552858 583.4001947164006 72.57129949959862
23.48492336616593 41.53038651681672 50.704335665374984 465.5036659027188 56.255865418095354
23.252464251729382 40.08607650543693 94.72436786703787 726.297554317819 55.353888281667665
23.732241047484877 28.466098863962852 149.84410497184055 544.618919932883 53.98224185119875
18.599876392107547 43.610382523104974 100.62659464887885 163.95176710175377 36.41963665939632
23.161268485805017 36.76910206592502 106.92102717156051 543.7766915067291 55.807906011946514
23.465362366493405 66.4201516013637 62.19505704482259 444.21842687340416 71.43624572491326
18.42824290986816 60.09817089342634 81.50915775881568 355.3086276808582 62.121771581466525
31.328872555723784 43.118496548222765 88.74410859028188 414.3860042666141 37.748110822158054
24.36916460455894 72.52435805344308 90.46854709731298 616.4112707749455 73.54888307272138
16.043482513986756 59.81765486991594 138.44931385011307 799.2961242372346 58.66527337381764
25.28276804316915 46.75168616491378 116.73073182175374 646.977671079747 58.72133598307949
17.126591648863393 25.00594285126427 66.65626129188904 509.02449176763906 48.51058273965932
25.93542301871226 72.90942572590743 107.39514335296015 668.3856292756054 70.18475917467958
27.79297789503702 36.10427533236404 114.94665245490356 531.1364534671512 47.23858332792232
17.89658840824145 33.546012530431085 134.204471155638 495.8099446255283 49.79070434121218
26.81688064622161 60.225704320096405 147.41622059705122 426.8455997650523 62.74911844777127
24.06390463468249 74.39752406339272 69.54717424516394 337.22567898724213 65.67421946386062
26.11030079997245 63.84272818510518 75.67427466368986 541.5114440160833 69.34650681078092
31.483964913269737 55.639091200523595 62.27266423256151 623.7080234880198 53.07031459690005
20.773059419985646 55.94754341665286 92.97940422679056 585.5064494977665 70.27073084002238
18.23131917821255 58.53415558780308 113.99075123339003 537.6049608078962 67.69178909944105
17.552427851872384 57.589285897867654 129.62003549767306 458.13809089548283 63.61338879198948
17.920948575172808 52.811914239693756 97.72146929072431 691.2369287527453 62.46563344630901
21.614491452929478 51.04201103951876 90.40457430235469 402.4302120080123 61.55389483630248
23.70575987408322 49.374068721004775 104.55273976746221 716.4041870765213 62.12192712707929
23.383453996650097 42.46035411133324 74.94571295109931 449.6674471609913 55.85970766971069
26.13591624518012 47.19324923133226 162.6861616508432 487.1347143970448 55.87524606112092
22.065009459389536 33.07043185804615 51.77016918645824 379.98222140764847 50.64367147733565
29.267670385786584 49.0166037320525 105.54221736687174 524.7896779671545 51.29518778696473
20.67671583381022 40.11408892849083 160.70818657688918 746.2968687716968 54.16580578463341
35.600845832948096 38.964106827842286 100.20399533679993 677.3442132665934 31.293102488039377
25.12833673882503 51.798941511534785 94.29882894995517 746.7633168042053 61.68907099246722
17.714212217918586 63.92002286344599 89.27663731568718 678.3213818900904 68.4870862385742
16.64553750969444 59.183166060023126 94.58824954712776 434.4495257204446 61.74281281664774
24.412362076215928 34.29499396376823 141.1854542402959 550.3816163508664 53.86115990413889
20.882686073370746 40.10371863429663 33.644142660114795 482.9701306323806 56.94424815274057
25.57000247046046 59.40771187988216 146.00301103888978 799.586235605856 63.79454370380804
24.366188122867726 40.175126064616904 57.28128542649565 420.48170303605326 52.719414735504486
21.635855436715637 47.753668500029754 92.00043012296756 734.0546534083667 60.92702054357444
17.766031409657977 55.50052099024552 87.12266739104015 733.9430805163154 63.31525406489742
14.425763876570677 40.31655545136365 117.65659809312159 874.443030257413 35.20233090248986
19.767425239664895 51.0537550614596 52.05626944348757 538.5470111055754 65.15372539706274
26.28199397161736 36.65974505081795 113.86517998245829 706.8483239370244 50.06787640127999
23.07046872065102 43.98632356048786 160.72928869860556 942.2477754808265 44.56568600001829
15.77130610644006 53.19781934142537 59.104779862215686 507.3537484599455 58.26010492674276
22.86590462925591 34.070062664683306 105.69118502831186 369.74396287014605 49.233665395742435
23.926586898644185 54.40474737960399 80.14053466610173 317.99849491383543 58.66614932340982
17.580712818994336 49.803622010733186 112.77661618579107 706.9068043291998 58.284358528392346
22.76862552972764 55.524899544171475 100.57443332247256 317.5274687912124 60.210612389867414
22.29104359223 52.23914134064661 80.75539272867071 544.1521420593116 67.33890010382433
16.285148510846884 63.64140429973844 114.63616854613223 665.5969780558441 65.09388196676838
23.788936801741418 51.25224502647907 154.1304432936023 627.7763305244871 65.1677930335033
24.80392263184117 45.70594458874747 94.27288624818104 663.8167296276258 58.57326681844155
27.415256215876383 51.222975030322836 121.59273826444546 633.3434783701281 58.61752802008892
27.269010260174515 55.43298029036388 61.20181126386509 791.8298719970089 58.92991465534513
15.111653160214544 50.48860070325704 71.30690869545974 457.15254288918044 52.28437526755363
17.310874800424386 50.405916912038826 114.17218833641132 498.4507292312203 58.41577492991803
24.5751763360433 42.980083121932445 144.52348085607895 484.1010832093764 55.356136452606854
24.568929754561044 43.37099082449052 110.6684004635698 724.5287717793915 55.591613910075196
24.575238431530238 35.97394728200307 90.60825908430537 735.0597882592596 52.3729276252067
41.26365745327361 67.4957674318694 99.97874216270063 667.6837978977762 44.91722985156629
24.854452553465833 37.56136764608715 62.48776798090847 777.5240500334892 51.07195998624792
27.677828200902994 43.07094802204092 118.135459790661 423.29386989354293 47.021237502065304
26.770008817466014 42.81592734430802 126.46999186970227 850.0836167326705 45.048078458354226
25.25695625652899 58.949243769444415 86.43729001500759 828.4857932568387 63.07663606192651
20.42365377679827 47.05050321707972 85.89873556721496 710.343299586862 60.36466503046356
25.794846102466337 62.477420726737336 107.97634688956146 867.269836315659 60.79511693634415
18.13587392731214 43.26509375756132 86.89840791878214 351.50651884833394 47.72587073785714
20.815906966299956 52.78994162223802 98.01602156122533 521.3327795606023 66.89014501940558
19.573182260854484 41.64652946740243 162.99165367499546 489.7044808977072 54.84836548984491
22.409370696931614 71.45149127773388 92.5892289776201 708.2218985636015 73.63167904653935
33.573292833367546 38.12401580970487 89.24979543936334 442.4788890596782 31.912046211664137
12.66367403704126 53.09820710227027 80.57374583094523 713.6242724006229 49.49051222164393
25.43130095187257 56.337768809320984 122.3257591449981 805.580421599507 62.15064384195297
13.936420644051742 54.137990974514985 94.5632748034569 704.2804350125999 53.61156021073397
19.640340671052833 48.147123411222914 80.51880885035722 642.5626535492252 61.87154562741277
27.444752984836832 48.70179300266574 139.63912096819035 451.8189988648876 53.313086710095014
22.321400095477316 50.438114719791095 142.58809013540912 472.9723550811953 63.417553692589465
16.61127611035347 48.529979983715116 81.98729302783885 787.4428357945 52.124323034019625
18.42348145370016 59.638791167949094 44.00380145918151 716.9023505857998 68.39082800642458
25.39798874467338 72.10523001591352 130.22541069510766 594.1470720933684 71.59145742829546
18.34816684141432 44.425082149921664 79.46110522719988 537.3135681351164 56.27035261870549
23.082292947909874 36.301970204209226 123.71876797488306 296.12881903329344 44.47123439167642
22.22785919951907 49.117179516487454 40.89688546864493 439.37213719733415 62.214244458949665
18.741998261970913 75.79709337654319 126.77792014897928 886.7128630709585 61.71697687319628
32.719720446626624 41.963254320302696 63.66484212157656 407.93166434962995 34.03887231538397
25.169595111590056 66.39116805444067 121.92292357199574 628.4219731831621 71.46718953560853
11.874287066711965 66.77700814076441 100.42819203509302 751.1165959792797 52.570450583978044
22.93227157384714 44.46411758292005 71.38181741810065 411.7615997996561 55.95884692969126
18.69106767615806 55.689830791852756 87.78891061219659 627.7065712171625 67.40709297191685
26.26216667398112 66.28396623128538 120.58955370870103 740.6873306265983 66.97257486637253
18.037396307836495 46.20872259012513 103.17683359345703 601.8748982860875 57.334025661207136
21.426317792665504 47.964196398976384 117.53238941417453 1030.2604583500151 43.08792901511667
24.524936394902287 44.18319086051356 159.29321753546458 349.7101111682707 50.01425355642025
26.328775970850607 39.852432693071336 53.07275164866846 758.8092794825818 50.055637989316125
15.998517964721119 43.50722454933993 148.51637724905873 574.0797393905303 50.12458669745228
20.327493820795258 37.760597332377436 103.13067812569639 715.7880232255013 54.40228954982583
19.62527344419522 50.34083468259226 73.03647855030616 666.1960727548869 63.80349738123255
18.73335383713144 42.30026768941358 60.0905912278303 490.0265704335005 54.85082021387444
30.827271201405484 52.33785911790748 94.32638827668899 634.349458868901 51.310078186991014
24.024908554804778 34.44104353796373 127.64950335773378 321.3147822902569 45.06108497480932
15.695580228324774 53.30880232214457 96.17352638867398 690.4871250857091 57.71014837227955
26.58930973527388 58.33528961608925 145.33464790742042 644.7237698985789 65.88792999615278
32.610780985063165 30.062643574285445 56.464729298453236 695.7990252964654 34.887153108114354
27.162326302755734 53.74056569847572 99.63733156461836 758.7177487630726 58.754344019376845
14.403150170229933 62.27668992473292 62.42819666760643 655.1429760314567 60.709645869636155
19.578829635668743 37.90358981308795 110.90895647874903 622.2134129697414 55.11141428009368
28.334555745933113 66.72572386837703 126.60662170291901 467.8397495008062 62.34890141493026
18.461652671906094 54.190190093660455 87.3771461895684 493.16688545264236 64.4768523577737
24.219097140731144 42.949881442415915 21.87358430118597 778.0101930265996 55.78607266168809
25.873170267146683 49.44230922342294 105.96844440389484 815.4503108558968 54.75003938696115
17.365347642109583 55.58326912521722 113.10215655200528 564.2834345531919 64.33810141960251
21.702373219691 50.760053914124114 112.12884264885093 606.9004120879911 65.96302702750769
5.793663299654636 55.387559924463694 137.07346575466462 464.3078437509351 39.849859870740204
16.878061793328552 40.79326406920634 67.86838961052854 775.9135267901167 47.680798568332435
20.7371592430342 51.69360824036078 120.40648316351349 699.8125235537668 65.13082349120354
15.761084090175753 35.8628550309502 135.77522537433924 891.1826154695624 35.914906603093804
30.162056519658176 48.887739386513 46.64237247980449 468.25153842303916 48.300542854630834
14.849293110196836 40.960923585352106 109.58955477756932 543.2988151472674 45.66494754495114
19.799777566515083 42.64470057410233 84.87460506976986 634.7168883788358 57.66894377272591
22.653702886430455 62.36093175210438 97.55431980695062 696.9734306588656 72.50611391093791
29.206366445330577 60.91310120594269 110.43029450615009 567.6498543678551 60.94135551928004
14.820689244102804 56.09138120907177 85.38314307659343 469.05583643194495 56.705026048569216
27.815818760774796 39.07687235327421 79.72875762515164 732.2111293385357 46.7933305456349
22.051165305097935 46.83591550305198 101.02457252464073 708.1703043818372 60.80718531172128
17.092456744760245 62.130976999791834 67.38262183411592 462.55888491544124 65.33532740946517
24.310517371316354 51.417169136399046 67.42524613344443 803.3164201658244 60.42182466939225
22.99529847786735 73.19329539981695 120.3811984886951 775.5298063794905 70.8347445359943
18.998915614206027 53.93317839394372 65.53617894524032 620.1444745871689 66.87932897069646
22.349010424950094 51.92049116490031 119.98937502727635 611.9396793564055 67.01913249751163
20.0734320156912 46.908835357974986 113.87773878561853 683.108665667386 60.270160701544654
22.56758672625624 51.33540904782282 48.2257981362821 470.7445394615613 65.2695925057515
25.310653372605234 48.47530163619456 79.67306042993035 604.5047218746123 60.93557773608558
29.93008408072676 57.0810867668859 135.82328209142116 277.14246830862294 44.129902146114425
15.810922505865754 59.56702316794584 70.56503406580956 731.4683468254403 61.412906516491695
32.665166873281336 42.140105394920504 86.06787213071837 365.7760166337211 31.687856063339414
12.239561002387491 36.68767046442222 113.86182679755689 825.5129742643499 31.741960799332087
21.241074524822082 31.637946268967035 123.50171527847786 550.4819859050325 55.16772256253435
24.941586032422883 55.079913269125434 92.45383341866513 568.2499527103234 67.48867815253693
23.404959338675162 38.966333938261265 82.07469415925075 505.83991408732413 55.82363795756371
18.88650240089703 28.47109407047517 142.67109585095523 556.7941689116885 52.2884309056916
20.959388748213623 53.885786045309644 152.16698991392735 812.7797017722055 62.6926963239236
19.534995326705836 74.9299951743279 129.36574152345386 226.8287015197381 55.79900127977411
19.053176215278942 49.939290884601064 102.55954427695072 791.5448079132282 58.17690190167022
26.248010485105123 58.38490774451642 75.7520283507722 650.7035221652562 67.19278437836732
23.785077429825236 50.81829358547565 75.08666780330304 418.9467528214177 61.4045975524975
18.535452023696728 49.01110346808857 115.67542315797273 438.70314104261433 57.57789968840914
26.497999377166252 59.190764829877686 112.55194662666051 851.4589540812304 59.089194516674425
23.536497604383047 47.097254558113484 142.0479577883929 458.17396800859035 58.99271745399308
26.0643105941948 52.673923140719026 119.51350277608418 426.9974234106061 59.48257681631699
25.14814420961806 53.216978061960134 54.90759094720546 770.5971813547094 62.6135255195903
17.855024945389637 43.31909546356951 131.55842853168755 650.7829314428872 54.200587589094894
19.199094799015153 59.92042349536523 70.05818118056762 459.3111635195402 68.54420961536721
25.736468025616308 48.25040243304591 88.48086184142946 632.4937463106928 59.68740618730839
25.051851327167324 42.442548405071555 107.50600618755084 446.1370974539584 53.26253986383467
21.89549203017926 55.365098435704034 159.87002469351893 765.1232097633908 66.42565564655138
22.58663691654391 41.015320182089624 193.29755668016082 759.20564473097 54.35827301213057
28.388324478942124 50.281811573691286 118.20169177408548 679.8009298232914 54.622525327925246
19.04214305582085 49.90881003355796 94.50410143838836 654.2491591870524 62.424294616772855
24.735486905850188 60.85895565831578 116.0351694544165 864.178218730106 62.27314968042768
20.98903673783053 54.746982328799525 126.62966277621508 599.9529491082338 69.24378841023015
20.9115939838639 49.74973041254856 90.37997123328425 422.7188811868798 60.90760061538397
27.49388425993595 58.17766299200287 153.85634067736967 667.421086924846 63.31912182523358
26.12708174494015 63.90207549017313 106.90212277574206 912.9070574305671 57.175507074328614
26.067548180003193 55.578103063518626 114.93229267274182 447.7860760221222 62.807419971095044
28.527394035771646 50.103526198433805 119.97772756163384 545.7805849959021 54.50453295234625
22.105019208163796 36.8816376764984 112.64759831843367 662.4669057152179 56.09430313427695
25.40976485647482 39.348863369246274 125.16821501408836 591.9142726491391 53.96195933307995
20.44866621703272 46.94775295645332 81.48240440359231 452.6544629434028 59.15456111782418
23.62083176244221 43.90487797840717 83.25094738161908 768.2786784345706 55.76558154301512
21.349284728161578 48.13028697014554 66.99537301084915 948.0061083025889 48.63422532469699
22.48497982496359 50.56649924897107 113.18503691860678 629.4197188535861 65.61569164656419
24.97578512718457 55.29692754356731 123.36809510536342 464.38975653959994 65.16209966271403
17.908896583832636 49.29501221940909 113.73318598455657 367.6559212419787 53.148877518427206
32.4619363784273 54.86501643826202 150.23477300042612 638.6963971831772 49.35252784721605
16.96991309250149 50.6447441481012 99.8321194351286 765.5816014974387 55.85461741019607
15.92905693606134 30.245334336461287 120.06224966777538 671.2751619743073 45.66998467124934
27.790554367500338 40.606646061812455 67.24897371582057 599.639423862172 49.84805701481734
25.95831346981468 48.55912444278385 88.38700892576797 511.60925223160405 58.70318444744199
25.120599085260775 37.90305257158892 120.86613272697332 436.17545509228654 50.665417338166954
25.1417275463214 55.99928729996205 125.47306332229432 725.2126989487323 65.72748279817029
21.938766135765427 65.30750832343698 91.18099157007453 737.0657432078378 72.18711696797487
17.51372814257084 62.18761851697317 97.852022444258 368.14053199639 61.56712157860014
22.37902279096863 47.86557129069792 54.46378759957572 838.4758467271026 56.726679723145466
18.61419144243944 64.90726136849952 89.28912397580172 686.1106831341002 70.30994964023132
26.875598667088756 51.486674572021116 126.71149490559358 809.939196771869 54.747742597084795
21.264713092489306 46.629140288819606 117.25615048319699 398.68083772723276 56.720071217541566
17.872514016037442 43.8659733645906 115.01997164143629 395.12637668768417 49.80294964049317
20.393070791735035 46.975303135118715 101.49321061542881 577.6546035349055 61.565913744124245
24.06465727137812 46.118231814587716 100.21189475884529 675.4176640342791 59.679902721399344
19.181377235980126 51.70416222375488 80.19036581579658 869.4541234390446 55.87984434504614
17.888898022167844 51.60573981049865 120.96485260607605 705.9118370722697 60.69397551217721
23.218436057459563 50.03046020153415 112.62918833168169 563.597808478195 64.65565069692374
23.224832855543614 54.369381697463496 114.76056543978397 446.0446188501162 65.91755379482916
19.46528412314435 61.906462747863415 84.21895471997259 784.5000859078725 67.69534852133427
19.644808471908387 59.495541354413234 35.399712403862665 455.2941861373928 69.68903225364997
23.16024968678818 35.151020315500965 132.91458135261087 844.2702832158483 48.2036980141814
14.759578292513378 24.46078865098045 85.63487631974787 557.3423025590236 43.14579354531307
14.962681128117223 59.34319911239274 74.11672707870639 838.5873108926776 54.13340523235185
18.40777889373782 36.33121301584579 120.8043673574198 701.8396935088917 51.46220596263436
20.932764241440765 47.75234598107316 88.23962080242612 579.4506765836312 62.86006538236993
23.554537827990025 38.298869739406406 131.79809152139865 522.090544226081 55.37628461567971
29.376781084747762 31.9801956241998 118.51017848730092 548.863818398088 42.80000298289042
26.288298116010097 55.41462728204788 120.50707969601433 664.2475038562857 64.5581092288362
21.200307350182864 57.59155160302647 59.02132866398397 611.5734744326575 72.08627948633473
21.904918960486555 44.2348959927328 136.358319561592 510.92828878969425 58.86967078848565
16.987353176810956 24.089577078550903 107.83751593701568 575.1552884523552 48.64153880360993
21.90743432003805 44.53755551747517 88.92168582261391 611.7865544578725 60.45865984134895
20.55670680539931 53.91804005402547 104.30165402026753 280.6898858377782 55.66913520814428
23.613592801690448 35.21088431225871 46.7129430130504 668.7252172183048 55.79218191563589
17.863845282238387 51.83359919779156 112.25958434442012 453.041816292479 59.63230780792681
24.596732571205862 49.846901508270044 69.11885475453785 427.00013951913826 59.86366053581271
29.66369456501289 55.792914996010886 59.419891424693965 346.89834793339344 49.76919027168304
21.456199257715713 51.19580368414153 54.329224413463265 330.91612531981644 58.0348659954041
24.008558610494706 40.26931059118444 133.38065124969776 396.6828745331566 51.23022916625217
25.450719958555563 61.965715016644914 81.12209818921633 493.64685635542645 69.09155443278289
19.993897640570818 48.4147042697303 146.01183129749498 892.9888706289853 51.522098574637646
23.120462409052084 49.72695460490068 83.92595610843107 521.1180486157194 64.08785293095227
22.062962003908975 40.667320409268044 48.7792612722116 626.6625159402047 58.701780198469265
22.48838049274416 45.567177488084894 66.50426680154023 660.0722079759493 61.069569982557084
18.13495108072267 41.15197285973099 137.07434860020817 619.6597779323773 53.76151838950665
22.122550871294713 48.27053940076577 95.32305466189997 588.3834808911009 63.65441917519298
24.489991456227248 67.11708480142343 83.55138110528198 420.7059354601133 69.0641274808806
29.25571803897521 36.28098857068643 104.80054677558363 817.6391322418817 38.307668720331144
26.796354130426035 33.86438602123259 115.05348208502635 871.0794965456828 40.62617364315593
32.76591228755778 64.71170327493608 133.52196447707382 347.60119588159716 45.53165409083707
18.163262185559752 47.90676322848134 143.4549768967878 446.3957113670431 55.90364929824191
26.361603183603393 43.309272613400836 89.20694062632742 558.0284486434491 54.19148411283916
22.91671002869176 60.39904687396076 60.21856941753885 455.31933076347127 70.77662412278846
32.94901466608836 43.94384460263136 87.59604516630172 675.8948330183798 38.386627701155916
17.958508573224243 68.26009713546937 107.80841519748658 490.75916963900806 68.75459595077858
17.801390789096118 56.77925871339269 71.08723221368167 924.7584101709904 53.55370978820135
19.00303677277989 45.120885918542974 71.28547255314871 778.5822891515394 54.59205089796716
11.380521378450965 71.57308213265503 110.31363644649656 631.8861045948322 54.573771813724214
19.371224891596196 43.94285076996662 98.54042945288647 754.0479394979598 54.9760927758462
18.20433669223151 57.42095372009307 100.9839098623476 765.8850636535964 64.17267014315739
22.75196893238104 52.99292580406492 77.24513995899792 515.4078767912636 67.44018903658319
23.708779878885796 63.01741289398798 93.08797857382697 477.5674133187053 71.29570769182692
31.380854196079433 65.61511196726853 72.27300567195087 611.7214594454471 57.24949652729088
26.75211919093025 50.320041490657665 126.7059523337436 729.2454186746916 57.29602517427281
19.115481721687985 42.46582129653817 131.05748004171258 620.8590597980126 56.27789986621049
17.50792664325821 54.59972142939117 44.61436413285718 363.4505276713504 58.048001312375284
24.459595857532527 43.22284630247894 72.1146741942277 479.5763334073737 56.194771954705644
15.398833964896788 70.13387247526623 55.104122347297626 588.9040704608433 65.00505431367175
31.15729382927177 51.36535331082737 80.49928196779305 588.6501593511255 49.865748884107624
27.897200603606436 46.34678448687891 97.49686090628917 895.8813265184713 42.11239929273005
19.654121739476476 51.84680305864909 56.5106434090441 392.1018086401503 60.75532116762011
13.434327354545612 36.52873710470303 72.3442056062406 675.8383862753813 40.616650775002604
28.769361870827062 40.28385961489349 69.88127883755504 823.3669662492434 40.94342494993004
21.42730077373691 62.00413907944426 106.21801988196832 940.7174618134194 59.014995395251745
28.189081559867308 43.43105721028604 102.0803301110875 539.3403865224058 49.55393045823991
14.027861706028165 39.5308901731806 78.3478733998824 673.71441790803 42.98667128875528
19.003124885231134 55.36652752527286 105.30462616418194 685.464053579797 66.70901344445713
22.026218498590914 61.85704154662997 83.59959746238204 629.3222597329936 73.70154299951766
22.23490296882371 57.18953310665067 91.8503466902184 585.1732198141041 71.54256170783839
19.74967264260378 59.960476858058165 150.2035627089561 665.3963084250069 70.56786631300099
25.114249661737492 42.43204911430539 140.21383155371043 220.16308721704718 37.84249499125147
16.661897853087027 35.78189333258156 61.01256289217207 702.3104235093947 48.20428238783716
21.288102574893532 65.01333651955487 124.89197253637523 618.926685549295 73.99847187780534
22.601478158559495 46.77320161157864 124.34189663474777 566.6287654832602 61.778053308132264
24.572194170293745 47.49166983544953 65.55210133742145 907.0293293579336 49.61045695777168
25.55807439044445 63.281941418490575 124.56332931264582 498.75989718141716 68.98280561200313
16.376789540810655 55.5623000940066 146.13795755237658 539.5386016402454 61.469304071669185
14.329429146321889 54.55887772081608 66.32365581266758 898.7329953307101 45.52762674171375
28.388384109492545 71.65002344901083 72.47491536957209 475.1908042725215 63.40363091423039
23.661570059897958 43.564817696198574 130.52984400530508 517.4827075595192 57.76174880268356
18.25756731721723 59.278401280812375 108.14485932476944 577.9461864853726 68.58421980510808
29.755759877612615 50.570131248970846 116.5442882571857 726.1101723194324 50.2230938355251
22.578373171464293 52.68592278863257 110.2176764920149 631.170376102997 67.6540790264276
27.896485920319133 65.28468426412532 111.72087762784432 406.10619792716057 60.83215350725369
22.337592407050543 55.07835756289624 60.20583615066751 520.1747155309216 69.71786279055355
32.303739624409936 55.38296079049633 131.41953119864345 508.8968350181683 49.35268507665494
30.77670421221602 60.72507337309802 135.08769977283322 588.4168432165432 56.84672949115808
20.75517925760463 46.350472704571146 93.11827767795917 663.8765487944744 60.94370887490208
26.85785475477178 41.607903326609936 98.69569150558412 662.7308633831958 51.703031547525356
25.226879747925736 39.55190805978967 54.06677492332834 333.5982368927397 46.35403462747977
28.843157787661745 30.33643410623998 115.42764268053504 759.5911481341284 41.19361101698217
17.17538269709948 70.56207129940321 117.16172325142432 637.8853268994935 68.46604183050242
25.430257299992196 38.96791634278317 98.13426949002067 807.6798071390859 48.62243942241752
27.29212243424794 47.78746376414228 133.73060079611508 666.6297490936008 55.02188154609408
13.206302567884428 47.23186700111079 89.97768307060178 765.1984436603643 43.17794379164646
16.083707436671126 53.07406697809101 116.938177776808 669.981796717519 58.70785141698918
11.803839111199498 58.15737212539297 69.41006983923653 801.9338634304122 47.94754235298168
20.652965827777212 58.60473488359745 99.29343547377286 678.3375954026668 71.00788175678402
25.58771127897981 44.16922561431062 94.76937226291493 585.3127130335644 56.49453811975287
29.51178526048014 48.32878286213589 106.75923766122824 940.8652080670322 36.165587265777496
22.370473902098876 52.825799504882994 88.91419213499924 733.3555683419838 65.94448194169972
30.143077727856458 47.51308873816453 96.05582212984997 686.061663150662 47.47577563848085
15.099492708925542 66.07345576019992 124.7814151432452 408.5543375192496 58.422762584328794
13.483087803224226 54.90974951638251 86.89707288285348 406.75385738046936 49.88442169371167
21.722261505516904 57.348777860498174 51.80268697783962 643.907322321278 72.0366859841034
23.920327244696537 56.628812686674124 152.48751712616263 621.8281796652361 69.62921104600352
21.836526259529535 61.73473857485325 141.44362236071458 507.88161524875255 72.21953268807862
11.662789499800617 51.81021558703707 61.232119146831444 621.147404941809 47.88664332257958
21.55439980243606 37.03168052044153 120.69123415735584 838.2940392065393 49.404519482107936
15.477652497475734 53.996879517526416 84.91075688345971 704.3103711825448 57.54303511395248
25.348362744150194 43.48643106208171 107.90461645993179 428.84872353708926 52.702782576867534
23.83299123048424 44.713833182502434 108.8267238704048 583.2736759285584 59.39475714994696
17.300601068363225 55.863640187550935 92.96776599051034 479.2550278721159 62.917880194058164
19.430665413316532 62.38283071433636 76.48703003240811 541.8450125387159 71.71777273669564
16.70393239055524 50.21271576736061 79.28376843051223 537.9576501555536 57.964526979634
21.68660451363414 53.088330125989636 72.51424253556273 528.3531626093992 67.98571239474329
26.775711602506192 67.02214944635239 75.04533375308665 411.7296942039908 64.4352097899757
17.07136976832228 52.407531794885685 97.98465129851934 580.8517977722715 61.208372520341555
24.520232577589223 76.01683114180395 78.52720032667744 515.9088544729035 72.74076085388992
19.348711908137794 55.65509645631544 120.4615619713786 160.5826964996598 48.256923659361235
18.03563583868828 32.39237240844182 144.61738466007782 907.9458036752494 39.373162198406796
21.464848200227213 57.53341621104533 82.59840275889871 763.3154481325008 68.48050747112822
16.82378838790313 53.81158384882778 107.18213501606131 543.5548912612505 61.46581952062338
19.23175347326409 62.897527540827454 114.99055330908801 602.8228574610897 71.59075355661001
16.010610537055758 56.73181351269958 114.16006812757823 424.25184790236574 58.187422897443085
31.823625664581947 48.615440160162265 102.27865803748263 854.3584316716298 37.28759897715014
22.176317759858645 37.757017637106344 122.28047255079167 884.5933042159668 46.61688010768524
18.50137246003707 47.90976742713975 114.46746858041972 623.5040592369787 59.6326664390076
23.06989955367111 41.494795457907 62.87012733018106 753.5295966278018 55.61622552367499
21.43835975154585 44.19476550195277 126.0746819316782 626.2930168400886 59.72143360354083
20.895152002333884 55.8857840442061 126.61872511800226 399.4911841686104 65.02831086521753
25.070833500217127 66.69904504351406 77.10141687464255 538.2264946554515 71.7377769410314
25.787538550236526 53.94671529822981 101.13813506342807 619.7891950157936 65.02773681846412
19.34749426194736 38.04116937964815 120.49986978433208 531.8178421884834 54.2292511705384
19.1209087967766 54.446026682201406 93.72058541261916 567.2020083847447 67.05808389330547
20.62474151424178 61.966314866456514 132.18934143298037 586.2900663736328 72.83252549827259
10.490394176322075 43.90217095680618 170.91617483858084 587.8682253201808 37.398683310491286
14.42404468900724 48.65982833327082 76.42041902095053 607.8387735746225 51.167239864255166
28.834371337222624 50.14688194729197 58.568661905386755 440.90924004050987 51.68515235777078
30.224838567506417 42.151016869177596 109.11455786814628 492.4475776308096 42.512828329319156
20.75481980221811 56.48280433843859 121.64687515378431 407.3123601450046 65.76661683873785
24.882784815278832 48.79051851392219 93.07400878465693 746.67233245293 59.12611049379626
23.556250772717682 54.195324439070276 143.59781989963102 284.1529587239513 55.799396226251694
37.39440404227619 41.125078221978995 59.84182600830253 773.0385514975388 27.83326744143309
27.597874557172883 45.62541699676589 120.78755869094833 807.9524095894265 47.579060664564196
21.360412042596167 57.22381357827771 81.8241753772332 554.6729119526068 71.3429397819379
17.22229779699787 46.27166847908233 151.5813371862189 209.52943682590524 36.23135760714409
13.967768398712138 67.26963851233405 159.77546059504354 545.8034157049065 59.691246787954746
23.017318179336115 46.003638143853976 77.00030236649957 590.3723758066772 61.48360726959453
18.218246273578483 52.24684725751886 83.5132859227426 448.410267010663 60.857386671315524
14.88873145201163 59.325908318730896 125.78763660939406 522.7172409287635 59.79866628932417
18.767135578787368 35.816342670669684 88.38608050631456 829.5292798295027 47.00635727105181
16.592259981928024 32.39191188019224 98.63766346203285 699.7390743452611 47.07953051768423
30.435708175362823 34.74343685429905 100.7616526162723 461.315382843285 38.56019031482039
26.408198784747253 62.62584103427182 42.40980531407031 360.3601245606852 62.32952328328015
21.960136793416915 44.481418541075534 99.58486761717288 550.9474023585343 60.02627682406887
29.39972069445013 75.58199285668252 79.30816677807479 567.9814830974343 62.67354643319902
22.38684153823809 44.357524013426115 85.20631532800684 674.4298781044974 59.6492266855974
17.69357899335868 51.84551303197037 143.30896010406443 519.7024931148511 60.964206313049715
29.615620386348287 65.42109952567876 62.30479317162231 676.7249363042793 61.01379452629676
24.694550218423295 70.06092888159122 124.39615560243932 890.2731060090343 62.155753891753186
16.81376922836772 70.61503576636397 91.63111209004575 722.3251533666394 66.16210900467246
21.04830660958196 62.083662305931426 91.60719494512497 592.7867239003841 73.51145159105758
17.621908733076214 60.240625258114626 123.71115688155135 572.5274293420058 67.53735685323474
15.08600134517832 55.92526949201183 110.20153883706672 546.4990298730194 58.812053186821004
26.630887737658206 57.78361076166638 117.11838991658593 777.0961368678217 62.00458191066872
31.547083202350652 44.488142836714665 129.04553981598582 505.9029831073046 41.049723127160306
15.007162130904295 41.81801116577693 90.06074850450031 606.7834063499973 47.09372226949845
24.814846183452854 49.96625542589048 81.6328979647675 607.6796852821628 63.214378519317926
18.746787154390866 48.298153774750716 67.44548420326606 524.7323710782703 60.33395118965792
19.56437308117652 45.46771950672725 75.23768410063134 394.13016781738486 54.353237778695
19.038030378805654 56.963874474567156 188.47283275926176 648.4461755426503 68.01191422671882
17.68004615160092 59.553052085705104 137.34038742210362 590.8494042216925 67.36331992709532
22.242608139724133 50.884068862918475 59.46776901375936 675.0360704154855 66.04023862771416
17.84524941794481 64.77530081055262 60.326261297692895 519.959954034125 69.31668980157248
23.352284128899193 38.58310885866495 114.45598185155474 783.1231948219572 52.333199264383445
21.748809452754315 48.06340540720282 116.417943921339 468.48393281822325 61.10942361339811
20.80525976566795 42.831776793971954 116.46651505952093 856.8060426026839 50.384556659901115
17.46218168979201 31.3346338292694 92.35132619338907 337.8545235257608 41.71288616749258
19.116143347158335 49.17319314157301 96.23637219991299 665.2155096835337 61.62847904586922
25.77695612912878 48.78252491616716 109.83638572478073 671.3146023789935 59.42013499305112
24.504585938121902 65.13449743242131 102.57679018879992 480.66643980886766 70.79020910274375
17.112223776007244 56.30811684554777 33.42098881757394 663.6590906791519 65.31414431247012
22.49666152714613 39.758131756707954 93.10601108274419 791.9278004640238 53.016734305506894
25.756935616858947 68.54092566334188 74.4578069721906 267.47717409689034 57.38606722940274
13.652973594393142 62.21033695525353 105.25634256725536 675.4117211236222 57.92997519663934
24.716800961899676 55.82097703468616 189.5577700781023 226.0093769504884 50.42373777310162
18.686881205270765 47.73515901150168 111.02444996422913 455.1502794715188 57.277628809331695
24.852993342965796 40.405607632765204 90.59410941482807 844.3749547351417 48.18708535553113
18.183704217287417 46.27793223928947 127.65404505931757 512.7326949911919 56.544849057988685
12.975589496677404 60.88748619704186 114.48063661627639 423.9180053386541 52.59395811277562
13.862287810584187 68.84586305934609 112.60283471355524 570.3093406522977 60.143019463594904
22.24042473330691 65.43243528272188 118.20551779647013 910.1859507245329 62.27193530528816
23.29861250860741 45.11150578213726 161.69630694488623 325.24766291909606 50.45377411670599
17.478416874477958 38.80382566710989 66.07334694022254 442.30351325409833 49.03287170402798
25.19296229388687 51.40886246911204 114.20896230434363 824.614752476944 57.40572410426893
13.6923996886552 32.31560634437149 72.20856610055384 878.6553515306598 31.571887968331154
21.66960100676342 53.23167714184781 116.66537939026745 584.4853163564574 68.26211384576473
15.944919001187717 48.52397413701331 72.43940465541716 414.1420946210036 50.67263729512469
18.740819460989204 45.33963498131758 87.47899559184746 914.3765252713738 45.744437682484914
22.23699335658207 34.05296932733204 91.14730257286281 839.1663587623796 49.055861949461985
17.69793317358024 55.136001065697165 129.27450158034128 701.842048164335 63.47321118342681
20.077222278850872 44.672991603380886 127.55363331827242 478.139647659387 57.30310554768023
27.0314640460722 38.30083164289712 62.62847870660847 592.6455988742945 50.86296205839791
19.115540652384254 21.277377867183507 101.64802332999547 575.9459878432754 52.92382129514205
26.17846056032571 49.724850949493636 78.71260435752482 649.6276956923367 60.18879898128265
16.351465726711908 67.72251596669744 62.244852679739964 817.6502157197004 61.1506985583411
24.649020889576413 66.6125921454787 93.48948848726889 731.9125561706105 70.50260110754586
29.207843103289502 45.429037434137285 90.7455163463254 438.3935884522863 45.73802445841156
9.641777499363553 43.97787939638219 172.80149459036568 806.4744675029307 30.670514653384256
18.015523722647615 54.68774256075024 112.98879476082088 646.9698210019733 64.92236771667851
24.8853606359027 40.016145608117085 58.67147497737288 703.0598693788374 54.56196542591953
20.984773069785035 53.01791899819466 83.05677987487174 819.9811288917904 62.09627974870124
23.855729366856544 57.660802783846904 130.64149886288195 433.26296257296735 67.0577256621437
18.980074066420897 62.26933223884308 162.65328318609775 594.6261631940306 70.71817915137143
22.4329489373645 48.99845923520047 52.42050063286125 520.2818172961178 64.17752139093362
21.221613823039604 47.96326249823034 43.60226844582865 364.8210861951816 57.14899586691345
27.838910308299035 41.22017413243439 156.12895526115346 652.006496640738 48.8940232529071
23.272104216506065 41.7311964596014 111.68842532112711 976.7334827376635 40.229960527906286
23.68801331037601 47.73521108098473 73.951218043709 323.9883383241371 53.05004941417906
19.940615169387662 53.67365506816178 116.03887258367305 595.1579083425795 67.47427230445253
19.561968879637533 59.13584626233249 20.92756782949367 696.081440261216 71.68230134381065
19.837209060901895 41.96821049319655 100.10126519791483 618.4617302484272 57.270072566054274
23.972260711891483 64.92688568959522 109.83463518529256 583.0307921226389 73.11339424674756
19.895077595898684 47.28876398957431 127.72810418613489 405.1175454831264 56.427172146934225
23.448874284482066 49.78632705651564 69.58312143122387 634.9180114410245 64.71764795215083
32.37700399322719 42.527883208521764 102.57061484210077 486.485403447611 37.59368204018326
26.355623517158463 25.757597397270583 72.23726121821238 271.511744253217 37.150484525643236
20.369882339160796 58.8404539636105 107.66151267022951 779.1888330770596 67.55817659623573
28.006069610819722 57.36843897092433 73.13961032910927 743.7578729763063 60.258127509618674
19.959623134892244 47.18672442881787 87.75697482519338 607.749146527662 61.496422706855626
11.80937732411073 50.66990717224872 70.12553815629313 634.3612032308554 46.839611428491324
16.95956844541298 55.15939217704099 119.5340872547097 761.1477019073342 59.948513146233616
12.646040394870722 34.374541431134574 125.75353349969996 633.6509485167123 38.34143581392521
20.24243257979346 44.70947322653705 92.96138290127759 735.6026332141971 57.354723629688685
22.092091895947757 57.94264679621827 101.14713984880085 555.3776698689225 71.68873634571464
30.382186561376415 37.45710576830751 56.542257560993676 796.7975607860919 37.460370234348325
23.634636868820813 52.935579321666296 91.00970055979639 648.1178588899025 67.20656840315127
20.90449735595568 36.43418195376595 98.49386148874765 629.1077915408811 56.137278267339795
26.147027905917447 54.66429982433527 178.62379273089925 409.4908366931952 59.92215580995952
10.944323454960575 49.643585177025166 66.64098922677509 643.0433781452563 44.00238378674084
23.178072790542828 33.848681840944906 143.92531716257312 475.20676237583234 53.42059892134415
25.854325969434832 61.64739354457171 129.90576320397423 504.2575910207259 68.04528792068345
14.607068771100792 42.65408423201951 108.41909213470409 477.69365575258183 44.50732477601278
27.718770216034645 41.89747562985619 152.758614525854 440.0647602151163 46.7075562391423
23.69248203747207 52.00569197230943 111.16316417820589 918.7157104525443 53.67939933094393
19.923560430495993 61.48637349428715 111.67477587003786 799.7008592982604 67.16260268702264
25.163909330531425 39.841781810216034 98.40638040947364 888.0551253216393 44.44665138944916
33.35346428902198 50.61679849847972 136.70706647255884 416.5657470666654 39.73947357109908
22.909331275292477 54.28816500330573 132.8940770143265 610.6880624866338 68.86928635760556
23.24110293150168 56.93105607263144 81.22968137511363 405.97385621938565 66.381187992871
19.70319550229878 51.76441555277225 60.422584162036976 495.6457684204404 64.70545039712339
17.75077815267604 46.329721609166775 93.91058087813029 462.2809524875138 54.561944761172384
26.151679082721227 41.724097793512804 75.99884306807061 785.9376009662342 49.75076680732569
17.719580870455665 50.86143883046375 98.09426276153934 540.565548284736 60.756213139574264
22.357831186096963 39.27860988014393 137.12314404052418 760.2569000541025 53.909274441756786
19.611712766174417 20.78649516505393 86.2809503473963 690.6181334382777 52.853439654167055
24.39489912873196 54.365598041576675 98.71529856065276 945.5458128157184 52.86532690638624
23.66831052643474 59.039348410861955 101.74068204425186 378.0833665290414 65.52925256889218
27.187699721289498 26.370675644581617 125.45292646615854 788.8849859680198 43.77460651319212
19.449918005726264 39.90269295290062 32.59331998046184 771.9661305601091 53.40366216683115
20.650625323533145 56.191542610051975 81.7989911570411 453.9931742959448 67.83805723413015
17.106181421088465 70.574954697117 106.33851076838418 751.0700004709739 65.72214483281444
19.77853369961944 50.20793707675408 136.00236869280585 650.4217444539344 63.51314488651529
23.88650246522426 42.71997058770866 85.24292657481385 565.8785610069888 58.08450997046377
25.78494308322676 48.1710355889516 43.70341881874378 476.40967695420005 58.52768969111411
17.389173379111874 63.74876419148185 118.59134337898409 492.1335822826221 66.78469345030518
26.3480296005283 43.54035820875465 80.93912833523112 907.4718143678889 42.87484468094451
28.778189294024756 42.00807993349746 64.31000022728915 600.1024228436224 48.10575853873467
24.067174516118506 45.17256477817968 81.26963830860328 717.3195002297189 58.08546138147306
31.38397906279033 40.466713917412875 94.46423927032451 481.365092749867 38.6608922289045
18.131054004482134 51.22670315994795 81.85766006385361 483.0220580667542 60.87741219407581
15.776726483442914 66.2467845846956 33.833018287027926 762.2977213874913 62.91981650838283
13.106398755478606 53.23079273116029 126.91198590661396 397.56356826727017 46.7296105071652
29.480221557445915 47.47646497873713 138.24625123836165 537.7179348142092 49.241726947994216
25.27182828177029 47.08188731084456 119.54565974018517 605.1041116608349 59.29272551770993
21.722076645447725 34.36809191303343 65.8694298872555 616.7058902760078 56.548782223059746
23.399843131599102 58.83109777147159 93.95525398157446 573.1360072475766 71.80947338776738
16.372554763508116 49.22162802987198 99.80436054311626 659.3729671643885 55.98400021101344
34.228759898084135 48.19520086409374 117.9638316868573 703.9283633726717 38.78037333646629
22.646105909876137 81.93107567844861 120.05021466154243 710.1956318188995 73.49930474819494
22.546973973024464 52.98752908365686 77.97478603664513 452.129428699826 65.66637495953881
25.62883311949346 42.48208949904816 102.45986669240682 557.3767353106804 55.02919451785592
24.405046158683568 45.736424037944566 113.71841213845724 779.2144292815407 55.50072698400289
23.119420121395656 61.48445709196755 143.67466966440298 734.1970781360808 70.56904454513008
18.04762772277344 51.13270410537764 121.1351961947417 394.07108227784045 56.65621181878196
24.357341785679978 35.61722021682633 123.67170062126557 652.7219850528303 54.24701065238475
31.41012248237517 59.19228934575204 102.51479883788083 303.26621259377845 43.94356085465928
28.727100230774887 43.31855914461006 142.3137743561051 607.0402353090554 48.265876366573
29.965933133196984 68.73297776217545 112.29288387878492 884.6650525118965 50.55031815506176
19.443921617844076 60.80048065714649 74.16736269479289 457.8160924096521 69.14713149657456
17.051975898707095 45.52678104341249 142.10109910375573 474.8515431762627 52.36098310098873
21.37106539950176 62.81016361735113 120.93709817617082 714.604467235929 71.97663816021772
22.278624561443472 50.678555105274036 86.70867936614553 368.5797727185531 59.440252089784174
27.470957592354743 58.52773675122219 85.6152109780227 505.08674551724414 63.5319156561972
13.537676851425903 54.84732817294475 108.89726635422285 689.4661706372628 53.42280721475782
29.64775159730307 41.536433450091266 113.89554385802754 504.8571228465895 43.9148500858508
21.209960507105052 43.56450167682538 105.9187679689362 564.6045019183542 59.27268676633085
19.8655946502629 60.29960817581161 109.33926020328654 711.6278565472552 70.10516005628122
16.93947812369916 46.65224667893459 150.99872123729142 663.2319125304842 54.47454676092477
13.725716640671154 45.96351536758003 132.14629456704657 640.0227594443103 46.189422320972575
26.115852919809573 40.44877420650647 105.71906773795072 549.1316581094942 52.871509439904784
22.36658983594202 54.235990655934614 128.2393174230245 655.5091672903433 68.69213231690023
15.55019550129473 70.62524919243145 69.02428289417381 581.4400979850365 65.14478779010935
15.52460613968192 39.32467085745727 111.93781149840427 668.6708414888677 46.48879787496947
20.32107650354936 50.24219456672758 154.2791904919933 525.4601962323032 63.676390983099395
30.345107626446964 64.12220555415429 93.45862313822879 572.6146538430688 59.14426324663389
20.702043243181976 49.203586087542845 74.57098214142746 451.50633111719793 61.58152162766901
14.48428523440947 54.52371796249734 80.43733334220818 594.7488584990646 56.8439435145559
20.77128467957028 39.376064718531204 67.31100887972835 478.3498704556733 55.57750089974154
20.636382151261646 54.28307097207649 76.4571427561689 432.89303247570103 65.60354659729474
8.515566785292142 48.12855734995451 88.88475704229913 638.7991721783083 38.286982561473614
21.72852566741094 59.85729995679863 57.832989424640736 631.910966378649 73.31764312675443
20.84532734895661 61.87386051564751 100.46855001848809 717.4310602422859 71.51489818614763
25.48103182406709 75.89563642018614 127.06831521359942 535.3311645637351 71.06751954149631
31.244780474726724 55.796331732135755 72.76731459559238 661.2079270255133 53.17792453446323
27.632825147738785 53.257963165821664 145.57851770925305 682.6196358410494 59.14817046346792
20.655556547225846 51.94384301577336 115.32376265582784 666.7160711747392 66.03756929777599
16.467370456291647 46.46833707189312 130.9174175687217 476.1519475796787 51.88044684013546
34.8667990162493 53.38483843461691 80.26496338443589 622.4045223406783 44.486030892994535
22.29609217007244 47.04598589860971 125.63575681199848 654.6210444081992 61.86562140775863
22.06964645956473 51.68460976269614 67.2419829881406 601.0767700361913 67.4110120684556
21.879374564449982 63.1759753560796 126.70742502509526 287.0283512443373 61.54201219016757
22.990423803839274 39.934574347203586 105.15518019380593 624.073443596022 57.28720031508849
21.278197940380288 61.39878561129045 116.5975365995435 931.8796559095863 59.421595346277414
19.131689965598817 63.17115067339866 64.73216183125444 545.9941096864526 71.71197339660343
19.26570529379804 48.81931473008921 73.14790473170186 490.78843532170185 60.82666848933121
21.836233648920008 28.781451009914054 117.91684654760155 656.0022839567097 55.07467212571071
19.282876144331176 43.921780129055676 71.54955987327398 646.8567315699858 57.841815391518345
18.435771086614178 62.96994546561109 113.8961887629737 778.9102748124621 66.25220378212742
22.532151138459483 49.77131937701118 58.98586580619263 411.3197766136668 61.12565115509958
20.725113912895722 40.00697767705089 125.44522638000004 709.7070378862488 55.53603111954335
29.519964942913443 44.95225078771782 63.02430055694473 688.5633091877195 47.21801382394379
8.745150958034941 58.40620026504553 116.5689981303857 578.6780194589181 47.18385143216558
27.45753425961231 55.4673356820138 118.76892800938003 650.8030976882535 62.115833175842226
28.230425962488145 47.61067900830306 79.09684544711276 754.4186222397536 50.59601357829002
11.633048837959253 46.33175588185313 117.4607970125418 730.8473070042676 39.78457279642801
20.286562029598258 46.08241850956178 107.81326790000668 428.5471031889407 57.00152884907427
20.142795670021044 40.77589815501497 83.83474431421786 723.0237280133226 55.334660017094706
14.962441526410894 66.15375689469442 69.74335947771375 590.2967092451222 63.214327072884934
18.110916562045624 46.7767953078866 41.121229249822626 610.9311147023274 58.98639568413999
16.447120772670857 62.17158520825497 110.48950141899081 610.9795486502542 65.66325913607642
30.761352217118116 65.21316051922452 53.05591685913834 577.463551680261 58.9613710563588
26.678391965737305 59.9831089814796 102.86032598323925 778.7561245660597 63.03359648406577
28.357775474970794 45.683796872819514 92.09655351753253 587.4423060226181 51.35998777076342
25.608360320216175 54.037300903366095 120.37428326314586 432.06808074252467 61.81715818539679
16.354741143913856 49.758043936090836 90.93863501530407 540.9705216045406 56.56924893649329
19.37739866860113 40.96298139269872 90.11656640958726 626.8042075215714 56.17771898019297
24.44687280613959 53.24359281721603 121.95612112864887 784.3822176445576 62.30327636461595
15.889360955540273 38.20960208840198 110.05174087252352 690.464202742325 46.61119983224673
25.56499215086194 61.87679388461564 109.48467871548334 472.4197081879434 67.94223261644518
20.798373009209325 45.35382702701607 114.07802769425578 972.7784875018338 43.082442823431585
20.125895962252013 52.01159655872839 53.93283630378683 639.716296646697 66.74500731331304
25.554799841017456 52.83287871546142 122.70366039960946 791.3086106998522 59.779856523479324
24.2213165574302 47.410950262959226 118.37406382040807 577.2428349634156 61.1464873208523
20.1951691709046 55.86693801475275 69.49950614270509 680.0038867058174 69.22176934347475
27.79664901682124 45.25096343377476 92.67758578977396 725.9202756777607 50.4502311557368
16.594683362000513 58.71297297457244 98.82078137117107 782.7292067631383 60.59964355498517
25.07967803472132 36.54020319753251 95.96509646794802 758.6052458067338 50.79176872215789
24.96550628984192 51.26379579546412 110.01579899705604 730.8295500109467 61.84621774049781
20.452267803430047 69.38928999058285 142.9410034549355 552.7369903208837 73.6307903294412
23.63066511121059 39.99668675394425 132.45300183018486 514.2380937065908 55.76620961715142
15.744432118073485 43.222550294751485 60.63342419705781 649.8911265486296 49.93122837435307
26.620135096034506 55.13907849658915 118.66209970918146 739.9692108511604 61.70066045943149
21.075489317785056 51.79581781939598 139.8679995860623 566.591894883509 66.42578487598537
19.386384897404803 53.50630099273559 111.60425562067608 759.775794857158 63.43863614147861
27.245046129184445 54.891871301476634 132.729412755579 817.892511822927 56.474188170855676
18.478281547286205 56.3472146856177 160.36811337102296 462.5518621389871 64.68340031894697
14.957693518182202 61.09699841956223 130.71128638320943 474.461894430558 59.441025908152724
14.216854132380481 54.098186569285126 107.47925786925187 578.9437411641995 55.472928786952515
25.030049756728197 47.58742345381457 131.3526542225426 646.1419002283794 59.832630366241176
15.597853237518585 56.72573701202731 104.34663499290673 521.3149479349423 60.30770969060432
30.77397090992182 68.99881934895215 100.71709129854867 802.8304018300717 53.648559871423075
11.59035296058139 48.67366253617426 89.45757292858802 663.6100292277677 43.77649449017927
30.48228184145019 40.254706953293585 146.90240076496326 605.917057236111 42.101620420764995
23.05508733601309 61.07080669286972 75.44714002173995 384.61357141972087 67.52081259220593
21.516434440648037 48.796188360464015 145.97103174034348 402.6276275358739 58.87056983818133
19.275404565955252 28.273304539859637 114.99592371221114 642.151387542271 53.101724102571836
23.995680571760353 58.47421677150422 58.02081475594176 280.11065607677455 58.84267569621344
21.81182648787576 44.64671814046077 111.02947878974265 751.8956114466107 57.4568007054895
27.516509410082605 49.094667176958396 36.99920477045128 576.276923344152 57.624467289206116
22.571138243310198 53.319803305690144 118.76524050493107 1086.46394543921 48.29063766120132
22.75150880730939 51.904996797790666 126.55694448966973 946.1874375924166 51.86207765784716
20.18193893893072 57.0945181713904 82.2293213304384 572.7826396128725 70.56875883100562
21.715271881394663 45.645136294301565 103.70643087866748 584.0494496203028 61.15356911226244
23.539008844460295 55.131057981760826 158.62472301250858 749.3372271003045 66.17373890007208
13.449158036716872 47.40453322416083 84.8275988721419 855.4758914877057 39.2453972329762
15.259072889471435 57.38810480887503 68.23277238830198 354.2956413845975 53.510725957674964
25.716320470113576 56.153674840130535 144.44990207387798 332.043680196797 57.6508100241551
22.854327190639708 40.645612979554045 158.87761571592384 506.6947791668428 56.3011586404452
21.080083318236603 60.85982116175032 100.11087015543542 687.4106374760796 72.08786279250936
22.092169665326967 44.64036554885952 130.3438910622507 674.5310385761395 59.50776233741768
23.737908526808354 58.08057798281145 140.24427746592642 760.4657182475776 67.61556858455351
19.301201598453193 53.67287313401341 77.72547302384848 420.04537074520374 62.95162267062925
18.108476372988438 68.38183676795123 85.44082493896396 252.57842055466853 55.69762938272122
22.979226275488408 47.76534017628148 136.92623539464205 728.7021292953218 60.50681167717051
17.10813611192484 46.506832038818025 150.55042836125529 475.7705590552148 53.3110965680764
24.041263778572358 49.805803941122676 116.88642580523064 297.2268203417043 52.322093618707946
13.487081978810798 46.968202171657246 73.60556939493837 621.7595618939073 47.180107937156386
27.14577818662822 57.9994190194205 159.61183335098323 718.9763532328016 62.826656020475454
24.362987412065216 33.83689391563412 84.07087306564107 581.6914301818084 54.59919886385699
23.28014867156938 39.46317580853646 89.94586656485644 531.3227420726266 56.53484749238184
26.91345491972757 39.32197078420807 110.27013503468865 576.095665178114 50.85972933647882
30.32737222231288 59.50307591973576 146.62481262144323 544.4125856398825 57.01285910485735
27.07185032509065 67.10613372581925 125.6192792965667 397.79293320897494 62.58776604348865
12.795628843341774 48.955507814625285 112.44596501085731 492.79789845143523 45.61548699889412
15.602115166321493 48.311782768099896 113.89865590354319 678.1919857520721 52.709052720353725
18.875907111521606 50.700521631131814 101.30544005930398 648.251781206475 62.949235224443534
22.13045525105417 61.61878302608191 116.74418543555518 625.2089708950231 73.33261479478296
24.588295102345615 40.72646865809426 24.113197669170916 450.7277277219931 55.080502108135796
18.371280934232672 52.38368982734785 91.10177622790604 572.77452567965 63.97757592354637
22.93383382238539 59.7519762978243 107.23965804750343 273.4402430335718 59.196809334246026
18.22308533823339 55.01094169939845 65.46957749141478 626.7714995828085 66.3247308365274
18.942410985040258 51.89581616598743 111.5896995343468 814.3286561720352 58.695102196554814
14.966694515758888 60.01046092567141 93.86586337041635 378.88018019368417 55.20468362490056
17.38383376944548 22.96767707000763 152.6642709494647 512.1108490023367 48.3374820012194
15.241576971918331 56.77875319530908 147.19059175644568 649.3660168065194 59.597905549262876
17.120633735113337 43.45924316872576 86.02583292645511 787.9263951641226 48.97379240379662
27.268208983039198 31.693671031435432 95.47486865299913 532.7663075549776 48.05211638749643
17.253005555840286 55.11202599524981 97.78157303174822 496.16245061011557 62.6723236851148
35.161910324186955 63.73658545162958 86.45021571521131 304.66152863758754 38.68152137928975
24.466589504404446 48.62551485372308 105.8507495208438 615.5157193962159 62.12287729915131
22.92418061847437 59.528745472029385 77.25153793337229 906.3114060215617 61.02442966659838
17.708211099093933 66.12278257988646 66.08153995187422 641.6037692947014 69.7345029591605
25.501549397044958 63.14914453584048 118.68133671700807 596.658153122443 70.37801385926643
19.12181086881113 66.39964529371393 118.88588752665433 648.3123466150478 71.7823206970657
22.610049073226808 57.42127491071892 75.87052721020024 598.3361994077097 71.80824710069975
34.800422691343975 50.754336389015926 126.86066292287799 478.0478441609805 39.849337160111865
21.51970050137675 33.980341881028316 81.05266812504006 723.4919873516558 54.35294282141113
27.74636663142838 47.53937511870051 107.59495714113943 633.8642284667632 54.28236483461851
18.48411787437056 41.567534046838084 124.61032037837369 602.6419877900486 54.77848700198178
21.82505754751519 71.70942717497815 98.9916230588886 453.6950959082625 72.41056406605352
30.85400317817755 48.24114187567663 113.64222736423403 795.5261897902138 42.40326305965718
18.865164711061162 51.23204806784486 84.50711068337284 699.7054117999664 62.68127958670888
31.062242789984644 55.51485376040468 94.10600249715708 517.0618743949046 52.75357606739428
25.538759677277376 50.436024463724536 93.8242170735898 750.2737280522906 59.4852744120681
19.18766612052866 66.95051040430752 77.60264960379283 525.3643742422189 71.96262565153204
25.162038695277605 43.77350638265548 94.69677510652653 482.6994761233444 55.29044054228975
26.86277224813365 51.94607455237243 53.5414510340876 486.04453237795695 59.98228238470185
25.10904981108598 42.57529414301952 85.26538758573686 334.33971703678634 47.60470304483139
14.148876400547717 36.79977488779294 91.45373519890987 670.7313570627309 42.33143781756191
18.364314120875658 43.882309090947146 92.3146074251386 325.32826824924746 46.82025824014641
20.762406822242475 49.62963202951588 92.75507662387663 415.7334253101356 60.344032051922845
21.62783285449977 45.7069777548274 98.14707400419613 288.66179863822003 49.15505499237091
25.103360487753392 43.07579020126144 114.38324554258192 587.089546081366 56.44830105490832
22.888505004666268 35.93682536328166 126.23551222397568 577.4519309592192 55.96513145627353
15.323278206449494 49.16894427371305 80.50704319455198 550.9955680220454 53.635140206966916
23.900989255029817 34.952796259689975 63.90397433832567 443.61334579941354 52.6175975052793
25.052928726419115 57.60055963689602 68.7386676327069 424.164936984504 65.59658963234813
24.7989522396552 50.824397529345035 85.38391236415218 669.6554795319861 63.451223809407864
27.403903627773108 35.4244850053507 89.44236046550472 517.4172102437268 48.02819491729109
26.16961077274452 46.907909229501364 76.90011801407628 647.4537482304218 57.53566117056151
24.295900396142184 42.478435944094166 61.116500072503165 467.2126970813666 55.74029223602335
21.649171442706766 53.1917451041918 86.31637517577435 627.1594114156624 68.4434214280744
13.695195332420043 63.40450446023144 105.44279860341913 795.4917055974096 54.285746645966995
24.148091095662927 31.248275303542556 117.85088397506695 687.9248700589175 53.3324332099126
23.038438435815557 51.150260791474174 83.27730840675036 538.137927267528 65.86576220778025
23.357894185976868 48.398672044333594 87.61006533569697 638.5798455533891 63.14829020680847
15.616257120898453 56.713400764504655 72.19905073458068 563.900223820468 61.32228534062414
16.594717297958688 52.131966282376894 99.05682488875671 601.1820277042092 59.850955794159354
27.26576426666452 42.48030668261181 74.54714097427556 551.1583421777244 51.70785406553728
21.802224230716725 46.80946064333382 117.193834397236 575.3497191171913 62.02301254536017
25.40750348686312 42.03974143196511 46.424005241976666 631.8140029611263 56.1406357646944
22.141591880652307 60.76007138598598 89.21110982642612 450.9961950627074 70.58826795058394
22.148780697478728 50.21311648671942 109.03322017575226 447.61817595150325 62.56635234471965
26.691419029879988 69.01190685753008 105.51503548967513 391.7186169253183 63.50665394342202
19.41977635891313 49.39339186185379 180.7910099194149 359.9593343244435 55.09594224561424
22.480603884704916 42.91593233089537 110.49400073703723 417.4075961669281 54.91680919421344
19.688623556474788 34.862856073871725 69.87836209473969 623.9193760206193 54.99422081568903
19.82751886283842 31.96860323744055 97.1360725873278 466.08187267621736 52.27415918359666
20.454139382656802 34.158640569945106 46.71260999600645 677.0421696346644 55.52344929378621
23.110668858168566 52.67126651011483 97.58200752109717 605.2070623128843 67.60417321913886
19.606256891682612 55.08725023229934 75.00831828997724 304.7243679842919 57.7479979476058
28.278780627867604 34.188092979678665 127.46170826680485 698.2463376332535 44.95480623346653
17.52696348890248 58.950383140761154 83.51379176213395 721.6197968387564 65.36759089259571
21.065641779193204 45.1693894831656 96.4970225261426 450.920598774772 57.85074709379497
19.801344708629124 51.467930119855495 80.9332647578679 663.0287314342487 65.09465483839062
29.234889421768663 66.12220628255425 152.16554055559993 471.52526438862014 59.91996057321703
22.982773882557872 58.96839315865532 90.36271701646265 614.6505565122503 72.27223568233696
27.159222697343175 47.314693520941674 154.97671130437607 410.32523895675513 50.82841524131438
14.57219813481514 41.08807774584713 124.424552863548 331.0340321198135 36.26034394828306
23.335251329346296 28.48184598670695 114.46200182006159 542.5774215580547 54.542834872854385
26.448153978117183 42.8084668075758 111.06199441952559 581.4406580587746 53.65324572327243
22.41141994637712 47.88869761172305 111.81391894648755 540.3480459578094 62.66348555426351
27.327401875326757 40.12820472848816 42.1698226196317 422.39541626661605 47.378468869055915
19.41355774949814 48.68743032907695 91.6334981754773 540.0151406803294 61.730172872637766
29.0467372009279 50.768518829587684 125.35473913552966 640.3942128871101 53.959361072988244
33.49449061809625 47.751440181919214 98.53308449577683 593.2660454816195 41.14377346463084
20.185807197801704 43.4999741917654 57.84430459589275 627.375154589882 59.12974384786711
19.77248739299614 51.68654671966728 98.42786648267591 499.48271993186506 64.31323844429046
29.266922385588504 54.41940649569409 151.12316548766472 775.7576872074239 52.962737674074354
29.897860728653562 39.096009225571535 137.40675146604158 423.5739995167829 39.27558387233033
19.385699864233658 64.10932379746271 98.13987971901905 673.1340445630078 71.5869368166825
19.899065914520712 49.014118677157384 128.5434783117426 777.2836639439943 58.9091822050275
20.591076955697464 50.188496229448475 89.00478938895844 672.1362139123344 64.40305373742197
15.277747444828615 57.08214423256557 48.88385239519843 569.6213659402755 61.18334421345348
17.40674026757901 52.332161312635016 72.26602035611337 520.7554430005531 61.46620522148585
16.97929616623966 59.53136633913245 146.88666305524595 755.4131476569385 62.71140635322197
18.161012174479357 52.87124165201824 91.78020754512087 386.55376121074903 58.413695608086925
21.826575563066093 43.87562625359562 92.69848061874946 454.48136094305346 57.30069604994576
23.171073662682602 53.61503525206102 91.00485411175359 540.3663351762418 68.0452097285785
29.752502464070385 38.56273792679338 157.12409768719021 785.6480636267997 38.930614744947725
17.008229796306047 51.085597057765234 148.7787674608619 656.9651454061344 59.05134647985933
26.921611992382918 49.66770009355539 166.563407003444 454.7931362234632 55.47950564901281
20.930055778872454 47.918831427274604 95.22864368799846 553.4538441922645 62.725235910223255
21.752681451737836 48.71462488561069 108.86873466241285 507.85152838555587 62.90571237571439
25.37409746083302 31.18150954502361 54.500723517376265 493.53165116496973 51.78876649783641
16.386389892188507 44.512750922590385 144.30803278354824 746.8334337835169 49.21793957999483
23.912048730920255 50.928449011411146 64.96661346196194 394.2385306104742 60.33789016929742
22.83226104106528 51.598563919974005 106.50326691287887 841.317128360156 59.38275708093862
24.462256320040744 39.72324859074042 67.08092417101469 724.2344535276934 54.32256698967317
23.44584321953909 62.65707840864701 82.33399519783912 763.6292505905546 70.0909948431418
34.276500699554475 41.33825151785499 74.88212706850899 530.5590731962112 34.67875511262651
18.81130007874342 59.69457200526737 81.76374217972547 577.5088921381335 70.06018807842986
19.345015224990913 54.27194361871685 83.82631890553064 385.0272278212932 61.72529687884046
18.88429736787618 43.53772690156197 83.55193615224769 521.3006389399795 56.27654155750681
19.222614404198726 67.75310892609512 125.00001735340922 674.0482271464726 71.6695952895573
18.81306436346741 38.0636316824352 66.8541162081244 794.4094592672094 49.81127854676272
27.94508265553776 59.191541736100014 106.61624281041601 433.92647747963224 60.15847935412566
29.102521239949276 60.005823180429786 136.53877456916675 545.1741094522101 60.42185907017996
19.14626853125262 43.293797909233554 84.60410906459812 577.3051169651217 57.24029765704899
17.838222134478855 63.92465300064329 78.46243327757195 390.6316196711272 64.16781368716838
24.35707778193202 47.49953485401047 93.08426124459247 688.70238626376 60.356641429285204
19.238884778595143 52.88693629279857 135.3917562508213 491.4014502386086 64.20439132978912
25.164659088777555 52.603218387712204 105.82322892860073 570.6914473234464 64.86953297489256
23.0146151042565 48.65691258529452 84.06357116177205 532.2075942132184 63.29446789567551
14.42127942501384 58.10808273159782 114.5162995356412 481.59922414204885 57.057724865843376
29.737526006650306 57.93488720552213 66.9312355049073 598.9432521779167 58.838332379568726
30.97938836547761 32.51468026761819 120.44078531328844 567.6585632147967 39.02538769234888
18.93605654757807 63.043402428781526 112.25821923105303 544.2213176582002 70.78718727408759
20.061492200320078 33.37508011964326 90.76574586583348 490.7307567479486 53.53111540410629
23.429326953624525 60.32546204341657 74.84242604658307 647.9287006174433 72.48539125553965
23.672283949935125 61.26705136827583 73.39957233149627 848.0425902738427 65.23120981001328
25.29272136336415 39.09033569784802 116.0445200903773 620.9830849258691 54.09619873983937
32.05102269383175 45.891857120454155 136.86941507467185 749.4177322366693 39.30387883219177
21.11526386252975 38.94295331514064 80.88076758913616 391.4667112269806 51.855079656975846
18.00851377730773 47.850789697112646 113.75160110654453 623.6642158940654 58.61895455767733
15.103403859927365 46.919657158142584 37.38918944193794 435.39475215434004 48.72615629911207
18.345349800290403 57.796605322693395 82.46146808028402 378.4612608702148 62.16989857357529
21.834365135631014 63.10308746119608 99.06823201387294 489.09428888114456 72.449346421604
30.97278931758894 63.95683810789956 72.70949749054499 778.7849001620359 53.92005233246822
19.411943504819142 44.37831973421698 71.90480875631212 742.5023743004468 56.09418258366532
23.118939758194493 47.90778126255472 79.96661330593341 636.45070830816 62.96013332829944
21.91788551963624 33.1656180777905 108.7657818497912 370.0949160165104 49.322553759091264
27.94196636724042 41.94129933503811 94.38012944780876 570.5579022918095 49.69218754069428
34.63466212936811 59.64851633097457 32.85306300025084 645.2550013352603 49.92158156341407
19.345656135398396 66.15582823548232 36.378995420948016 626.3304344367897 73.60417348296353
19.55280278740889 37.65651128120078 81.79404466428474 323.43096247788816 45.795221345862714
27.22080438534536 44.075357408471056 113.73059758160656 466.45232279701924 50.52074754521016
25.40945744813156 49.73594243041073 17.57485471824296 590.3883353776926 64.08172653720334
31.23353662868017 52.80161158819607 85.00809471545108 680.4436364275784 50.21113315118817
24.919640926629818 41.90396480078354 84.21256430447737 270.58082683500805 42.79982495063896
20.203539546064704 54.24061044464089 141.65013334625343 575.6814036780212 68.01003552503806
24.953274153461546 45.26160652929084 88.4493456486141 621.4573154818429 58.48462443674954
27.543517902914537 49.855477291217206 111.48966954222786 727.441798277432 55.13021159317627
26.102410905986822 55.462842480037 104.23771420262389 703.9286376356155 64.28411522209717
24.53637015553649 50.064222698109376 36.08300560578398 687.3856978213207 63.74364194501202
27.333373447945768 45.63614109473431 123.04621649895212 480.0089239947099 51.82075321728684
27.846477952228362 48.90390196074169 106.46189516368864 313.7996794315039 45.26822761828272
28.910794955187637 49.11637040794665 115.24805919023768 541.0420864407898 52.504636714090495
25.243549437948214 46.29988970117872 217.7871311930898 750.244773781284 55.33870124391399
21.164409598415727 47.41203937332897 37.47661181504235 809.0181791286648 58.2500429416631
22.733568432166614 65.98647170504717 151.74089949283325 706.5823653446678 72.60983002768508
28.032544832541785 55.60919447941239 91.37657441798933 664.4011234202601 60.845648621384996
17.91532164506382 47.045196819708394 108.61986713209028 656.9459472578948 57.37874528621866
23.843366544364507 56.969544045107355 98.63463264096274 516.5821879858829 69.50791808907894
20.033305938363196 46.6618051024399 87.2729099980587 580.490955966957 61.068747292319536
22.143724114674086 61.73124637586641 82.90501215283723 850.3604288739497 65.93665541055228
28.392259313036494 53.69642192198094 109.88526206719027 458.6162991312185 56.23064798750496
22.955495340099517 48.92697855995771 54.48478909984963 842.2168186064778 57.30554090575233
22.232182740780743 54.477169258102776 122.51737502565297 551.6957768261913 69.05022025084938
15.200719295100404 34.291238479315005 87.51416785344239 798.8148163642618 40.253688051721035
25.731267830136105 38.73232531090195 66.09791982878926 388.9777485753693 48.198017214006875
25.227420905705376 38.060749936009444 86.49961426012558 687.8856301746973 53.23178191407292
32.8162736165273 51.429430947637066 137.7144765058772 489.4844796078567 44.261798386065266
20.461108825234994 67.32514999485092 83.9399473895133 387.70992121137186 68.5707657111607
23.095751638319694 72.31300146192632 110.7536085462886 632.7801063616419 74.5277714251678
23.246918418553776 56.380511014407574 78.0713117285358 751.4207682893953 67.89307366291305
29.887266398817374 55.00844474944457 122.73765549770859 473.25878421097553 53.88080333411687
21.523522338065238 31.98942265847261 120.56523216370613 375.1476059312398 49.315000289785246
23.395107628851697 44.57326200265978 155.45826499889233 586.2232853497567 59.404323205256674
25.039482548582697 42.12216248091761 94.73308163502354 586.8847006834228 56.15378199010998
22.93304561578179 43.79152401748884 120.0596441427372 682.2479441331748 58.5529221924788
19.767831927247357 48.318561814152105 102.94202618616833 742.4391857046733 59.65550758027701
22.97044996449154 45.27909422302873 138.87615345589043 591.0877228091259 60.359857710408335
27.36815874929886 30.207001896242122 78.43502837173808 878.3254972191394 38.76196305139936
16.8674235029447 57.47910256117534 122.35015938631844 633.6352116802938 64.4089007744099
22.66484837073438 39.27256974260193 94.15908111649955 548.0360240989651 57.025234932250804
18.499395925304135 52.39246864111149 98.07435468674507 358.2648961345758 56.94451083874949
27.975233144624212 70.74082669749973 102.75257453345118 560.6010719525748 65.80472306067465
14.384065476081126 40.80615408413577 107.56721189280032 549.5419581883295 44.49707111182613
19.205390763642058 24.697124772536704 96.51312870634125 744.0457194422206 50.6549515509458
23.886059375322603 47.139957781198895 106.44139549511578 669.3725436100281 60.85002518884932
29.827620146171704 61.00959634998571 147.34354172686554 423.09463175510746 55.353194819763985
21.67124869463506 69.58347454220593 129.56349056845656 625.8381579616556 74.60289225650482
19.22400236653401 37.70450405547583 126.0746377749069 700.729675759358 53.214978943267475
31.40578534720295 54.966992232365214 86.33381421928388 829.2047039081749 45.89833632266567
14.75993049791878 45.34689543219947 73.32277515315027 733.1255951121088 46.8531855101154
11.005970216899591 48.94051645695864 128.6590167471326 714.1269981467217 41.38918413675203
24.20007225026666 76.44343347017035 126.28140377589384 609.0128991922745 73.6032353559008
19.489728878236946 34.970296716048466 144.18012027252945 658.2468008135174 53.70539234941467
16.893835914346433 52.537396614945735 81.88058122092312 787.4257351059239 56.74565602552259
25.541782236496765 54.676931717654334 93.11354033918958 400.0833903780525 61.24147186168179
23.219003568855996 60.857863249393475 50.815475124236976 547.5841009174566 73.23086409249407
19.179606846316357 50.97983153470896 88.22586681817381 484.1146876865639 62.46740895209905
15.598478006645529 53.08050539504102 129.89711531738342 656.8729678089186 57.6027958290939
26.362286641400722 46.08351432578209 86.00513862315407 784.5333263476182 52.30557827257611
25.251005889793305 52.69126941245107 119.21439385602471 510.4538569918389 63.79889791320097
21.504120681103085 46.5680772450259 94.28490682006566 241.4543448795843 45.9524262607376
31.233184980238327 56.21571889856051 109.72171084664681 538.1668882463294 53.091196238036
16.649576168369236 46.30389663956366 65.56925830552998 737.021059802611 52.41961238035701
14.372374145376305 53.77100393902187 102.55628348901703 680.6444854424819 54.87459570762493
18.540459650593778 49.707371863150215 10.265920872978299 664.2279371715864 64.57517989270997
21.77206991822251 61.26050250772168 94.39311525514046 558.0010047188281 73.25817910397929
23.21669724661346 49.48606276411514 51.0858026885458 408.14538956703205 60.50172294277243
20.79381971071835 32.26967531793119 136.17983549640448 677.2941482436701 54.44695304541847
23.760276982571483 62.619215007139914 123.32222058293533 474.8577284948063 70.79513050438828
15.74230287904778 40.94267699137381 114.00012945898243 927.6145100070685 34.89429082448583
29.218823020366298 43.4623366135118 145.6301868147814 685.5760812531773 46.16844183141491
21.589244108037157 44.04338705956508 71.53250437525489 512.9027546169074 59.33911443754327
27.586479157940637 63.74438093170817 152.42089593746675 508.2922128917058 64.67572969294648
23.71362673188852 28.643257860213044 127.96574692781154 586.0583690079618 54.50282101752173
24.283766095768918 81.37748533659993 92.90334138343162 564.0747116967375 73.68948077457367
24.84883640116102 60.56056809066052 134.06860441548832 767.5250663294931 67.07460664690659
24.238542800086574 52.2323891412916 66.81119462765098 627.9624254616069 66.38274711590498
25.21361379933772 49.451059993837134 75.26457515416979 490.2552391637208 60.62661682087099
28.645762650662157 52.85554074857657 81.742308302809 883.5661027733674 47.557593358983524
22.98260584850735 55.211224283793385 84.13066875807954 607.3962497280334 70.00102419344458
25.54501878794256 56.45215585950057 68.30327071719242 715.3259513953345 66.20586563585145
21.551321528563868 55.55604466003449 136.69249201285976 508.7660238832861 69.00957232575038
29.200586077247365 50.895806812552486 92.23436798890505 654.4673441616785 53.805190669982416
18.61803848970365 48.02661579692674 110.57514905070639 646.6664986714793 59.78689863143396
31.00470216455408 48.487267163464885 82.88945900758958 316.5526061855771 37.31571711960816
21.799210246778284 48.05091719647319 45.38190098354448 902.291266569096 52.84294318400302
14.84612448940976 61.337700968670646 108.10172075174266 793.5966691383821 56.69123394965442
22.640522074553946 55.935567222808615 42.632350737406696 540.4207025781019 71.03961974474163
18.594741712625595 20.596113653357197 97.94097861743595 434.6595389316217 48.71628321076917
26.203217744943622 56.55900776529761 58.95054883501569 652.1342420705328 66.44805736701322
18.736880103488044 51.94736194718775 159.61827997692424 613.0046549121595 63.80677477393837
19.769082833926102 49.81291243554102 127.34088166524165 653.3503422844844 63.12469852195534
12.552296345272346 46.11481546911114 103.1726137381444 628.7366094291134 43.79719594946296
19.738468403754617 61.24112719986013 137.91120032964005 675.936148395889 70.92913171606163
9.880603366855217 59.475264621228575 74.61052067602793 817.095854908771 44.03452082169756
14.080485882571384 42.27122332176391 116.3043813601028 685.215480769297 43.83307769478205
25.802073280721487 54.07052287124535 105.9943130115614 442.55167516350883 62.011490598613726
25.92900079325416 40.28343265458714 107.9206024400101 804.3844279068678 48.264530042298766
24.127287808924823 36.203818352110694 138.17060500320304 846.0921845232431 47.34798957147675
17.165119284353935 43.73282775410035 121.97476308339407 1072.8085101768127 33.35041254294634
21.7614432192901 58.62393472382759 108.66170988475069 431.4758950140603 68.6733327582295
21.981987304547157 59.53125045376087 50.353376913151116 636.4323019725413 73.32036944059463
16.208176554037287 55.130854200972934 71.19861114161608 287.6851945216519 49.6637722655796
29.51699150883575 57.25095786847997 96.31873199212828 682.9723734568813 57.76821083106237
26.386811452878355 55.16178287114958 102.80117122829954 517.7699552749841 63.967327346589734
20.89517913085168 43.585184047770476 66.09388825978229 888.516869223743 49.33419276167982
22.134429194972654 54.31922544673941 172.35030026735262 483.8077544972127 67.25010407966548
23.04191403973776 58.00409525227683 145.49182165760718 346.6225443049108 63.30460787110742
11.791325657878547 57.542913298135744 118.0635496117745 529.310438894622 51.52366572629662
20.764113087397014 61.88913371474643 102.16110583851234 303.6768343174294 62.19439347334329
18.590078760011007 57.083038472010635 93.63373090296545 712.6649181760965 66.62173449991417
16.991899950525422 53.51448207541583 71.44244619933293 290.2375430615519 50.40640089019376
20.594498535570224 60.701502383164275 102.32441555556588 604.2686371774738 72.62724038249189
30.988432634247612 49.7347874075094 107.73257620428252 288.32822702157046 36.23941350449902
25.20421430633505 41.18125348772282 62.74718273555127 551.9553293195037 55.530313392845244
19.144105051086015 48.36933036056236 110.02529251734693 846.5067233706801 53.69238403944503
24.862913906780793 42.55097355193551 95.34222853525753 654.0971837153693 56.34041522439095
